00018312
00019343
00024975
00035779
00038003
00044659
00051668
00071646
00075209
00083282
00090779
00103600
00110020
00141504
00149506
00152795
00154956
00194359
00195784
00213601
00213884
00276429
00276441
00277303
00299637
00300235
00309901
00321587
00323770
00326235
00328499
00340853
00348473
00348748
00362049
00379378
00380986
00384890
00389987
00397164
00399259
00411556
00449623
00451761
00473120
00473143
00492081
00496995
00515069
00527657
00535662
00576143
00588969
00601156
00607921
00625726
00630485
00638688
00645463
00647688
00655233
00682039
00691536
00693174
00731549
00745186
00747883
00795457
00800105
00830067
00832539
00868465
00872864
00874879
00879258
00887213
00897335
00910731
00930229
00936729
01009381
01013602
01040355
01041449
01084819
01103831
01139056
01148025
01151174
01170616
01172973
01195933
01201580
01208150
01235329
01238420
01255036
01277976
01286727
01287072
01299270
01308742
01325718
01335388
01337911
01339294
01345538
01348566
01361024
01362664
01364208
01365056
01386516
01396833
01400441
01401500
01433779
01434075
01443174
01444139
01453491
01475016
01479871
01489017
01500622
01508139
01523047
01582621
01587042
01591910
01610908
01619248
01620611
01671964
01686276
01693258
01724407
01746143
01752937
01758817
01806398
01812803
01813579
01822675
01831339
01832268
01834713
01841469
01842665
01880210
01883513
01892394
01907528
01910301
01921566
01928021
01933470
01938001
01952443
01955610
01959375
01964887
01967370
01969402
02033222
02043539
02062702
02076555
02082693
02106390
02127959
02146957
02151042
02152581
02169916
02197487
02216786
02227156
02227707
02232012
02249507
02252755
02253731
02278716
02290464
02293161
02293280
02296087
02298620
02304765
02334316
02339357
02350544
02359976
02386831
02390236
02394809
02396343
02415842
02428451
02437697
02438325
02444981
02491282
02495223
02550274
02557545
02575178
02577230
02600328
02600509
02602316
02613082
02629166
02635745
02644561
02648621
02655377
02656378
02657086
02669915
02686075
02692323
02693244
02717371
02729394
02732454
02746430
02788997
02806831
02830718
02843937
02854203
02902681
02934867
02936765
02957195
02968485
02982243
02990551
03011765
03064525
03083126
03109932
03136120
03179370
03181198
03183032
03186839
03190989
03193671
03197983
03201906
03216186
03219277
03243737
03287695
03298948
03306718
03307914
03311053
03316565
03326731
03329025
03331461
03333268
03350319
03370332
03383701
03395213
03406184
03425588
03431100
03440439
03471424
03479993
03484335
03507790
03517797
03523234
03523416
03523841
03541401
03544860
03562783
03597653
03602657
03634218
03642642
03663122
03673650
03676816
03679908
03691587
03698182
03699699
03717775
03734420
03739493
03746512
03751602
03756965
03762765
03769196
03802212
03829104
03846178
03869169
03915004
03942352
03962433
03964042
03970272
03988106
04021012
04026184
04030138
04039828
04055162
04060886
04061409
04086308
04088653
04090469
04110585
04116062
04117700
04128402
04142242
04154100
04160588
04162089
04163991
04190642
04196948
04238964
04252534
04262669
04285863
04302823
04316123
04333940
04343884
04386299
04417421
04432372
04433198
04438361
04451322
04463458
04472864
04474869
04482811
04524890
04530123
04534396
04544050
04551179
04557309
04611962
04638685
04643541
04651270
04665968
04686478
04712758
04723211
04789752
04796395
04819248
04822200
04832730
04835944
04844259
04858272
04862900
04877378
04879705
04897888
04965975
04968220
04970705
05027271
05037486
05082113
05087213
05087598
05093385
05096149
05117432
05148884
05164130
05192918
05224242
05231243
05243534
05260395
05315663
05318904
05354515
05358488
05367334
05377179
05379609
05443459
05451385
05458517
05487886
05491521
05498561
05523658
05528206
05537027
05540791
05551059
05555485
05569242
05585502
05606796
05615098
05619296
05627253
05634085
05644059
05646220
05647143
05657566
05678122
05680812
05685769
05689451
05698890
05707368
05710477
05735149
05754066
05760335
05772778
05779404
05790488
05801579
05811333
05816385
05818878
05822873
05826726
05844848
05860740
05887240
05902464
05902590
05902960
05905838
05936876
05947698
05948952
05966648
05973291
05994585
05998441
06005294
06013695
06017231
06020773
06037807
06039796
06072442
06076848
06079424
06084505
06088833
06091806
06109335
06126992
06134163
06142056
06154274
06166010
06184121
06195748
06212440
06243436
06269148
06286057
06299236
06332086
06335153
06355288
06370185
06375783
06386931
06421550
06435103
06456069
06510286
06510534
06526068
06551385
06555606
06566776
06571285
06574739
06589194
06594792
06615062
06618521
06672140
06686757
06691175
06707000
06746514
06764709
06774136
06782797
06804091
06809603
06816183
06840725
06864781
06901707
06919181
06930186
06933794
06934927
06950579
06950709
06958382
06959423
06966694
06972831
06993782
07011698
07018446
07019272
07021014
07038936
07041705
07057371
07065751
07120554
07129291
07133988
07155711
07164591
07173069
07175154
07176178
07181810
07204474
07238152
07242901
07245504
07248839
07268255
07310693
07327498
07340196
07354927
07360466
07364612
07385037
07415876
07417355
07421757
07445305
07449545
07455432
07459605
07488325
07491164
07507143
07523862
07534765
07544943
07584767
07592131
07597580
07601194
07626631
07636135
07667267
07667637
07670848
07678779
07692305
07731101
07737176
07737433
07763913
07768579
07774092
07786396
07790104
07791833
07801247
07803878
07839955
07840824
07847137
07861212
07867520
07874458
07876596
07891660
07909834
07913293
07946660
07955441
07956395
07959563
07980697
07985426
08008008
08026331
08027801
08028865
08081799
08094518
08100825
08134463
08162782
08169323
08215267
08217975
08221057
08223090
08227315
08251500
08283197
08315684
08315865
08316556
08325297
08338805
08340104
08341254
08341657
08374042
08386835
08390717
08392347
08406091
08418919
08445708
08449289
08462917
08481727
08485111
08498988
08504866
08517955
08519409
08535862
08546440
08555181
08570315
08576026
08600241
08603843
08605650
08620890
08627899
08647372
08668060
08687777
08698499
08718466
08730054
08732766
08734561
08737939
08740342
08741646
08764129
08765786
08771058
08778090
08800465
08810352
08815973
08832657
08843986
08844950
08846044
08847353
08848577
08850919
08870981
08876096
08877973
08879127
08912513
08931515
08934395
08950482
08967781
08995220
08998209
09012004
09022106
09036908
09070781
09072169
09077099
09119257
09126664
09140808
09154352
09163691
09184478
09212057
09223569
09258158
09292181
09296055
09298123
09298481
09343034
09353054
09359630
09371905
09374070
09384209
09384365
09396164
09403259
09414898
09417421
09419493
09427293
09430231
09431628
09436112
09445690
09450870
09453836
09455288
09470286
09472496
09481773
09487483
09497518
09500476
09525380
09527707
09531106
09553895
09567314
09584954
09593524
09604240
09607111
09612046
09620862
09654292
09659866
09662131
09672607
09681487
09690592
09712939
09714917
09721560
09735215
09736974
09743209
09771625
09775346
09777174
09781576
09785662
09786858
09790077
09852016
09858735
09894980
09906421
09943982
09954936
09963499
09970678
09983779
10000951
10023891
10027189
10034442
10063490
10073916
10075644
10088835
10120020
10162881
10166813
10200728
10200778
10208753
10210217
10215482
10225799
10250014
10253448
10273878
10274780
10288148
10295595
10300529
10302351
10306041
10312616
10312820
10323881
10333040
10350687
10377612
10383124
10390653
10407889
10419126
10420576
10451021
10468762
10483150
10488662
10494018
10502356
10537318
10545921
10548618
10562531
10562924
10577757
10614864
10643514
10646045
10657028
10657258
10670955
10678552
10682076
10682259
10683203
10720444
10739285
10740462
10778551
10788921
10813570
10815239
10862202
10868432
10881839
10897911
10907413
10909338
10915033
10917327
10923038
10926223
10929055
10944745
10949920
10955432
10981124
11006734
11010360
11012170
11015159
11039987
11060871
11060921
11063139
11069461
11082445
11139806
11155473
11161668
11183019
11195155
11225068
11229817
11234661
11242828
11256227
11273970
11296902
11302564
11327483
11334862
11349490
11353285
11355618
11375592
11395044
11426698
11429687
11442387
11451176
11472908
11475498
11489086
11510290
11516933
11528995
11558396
11573597
11575512
11581110
11587707
11624470
11688490
11691956
11704423
11704831
11745763
11769115
11803439
11820040
11824653
11827136
11864237
11878288
11881824
11888497
11889096
11900239
11915891
11918155
11920896
11924310
11956379
11961037
11991576
12003953
12010339
12011998
12015107
12015725
12015832
12028275
12034599
12039260
12040185
12061409
12062193
12062618
12066858
12081877
12106706
12107241
12112274
12112338
12124519
12136853
12138017
12164872
12173789
12200667
12224206
12227730
12229037
12229049
12245290
12246421
12255237
12256450
12284946
12300941
12356810
12360790
12367343
12385361
12425503
12426866
12429359
12430784
12431015
12444245
12445635
12498040
12500903
12517173
12536755
12550638
12556730
12558179
12566082
12569846
12572645
12582828
12583023
12588615
12588965
12612922
12629971
12635187
12646331
12652211
12658684
12660443
12673818
12709670
12716057
12717982
12729354
12778226
12786720
12788101
12789859
12811218
12822719
12838812
12854807
12859655
12861725
12864754
12871952
12904287
12912523
12926820
12956773
12962837
12962943
12978255
13009630
13010949
13014915
13016461
13037477
13040000
13042859
13044249
13048076
13050479
13073687
13091677
13096401
13119948
13120018
13136020
13145089
13164750
13175309
13196340
13213543
13219743
13228253
13233765
13255740
13269259
13296065
13303512
13308370
13308977
13316989
13336870
13387684
13410174
13419077
13430574
13433433
13434815
13451325
13455252
13471473
13485842
13500037
13502481
13505549
13506766
13518220
13524158
13527129
13537659
13562257
13574192
13574242
13610347
13617843
13632401
13632569
13640058
13654351
13702015
13710942
13716959
13720356
13737665
13782911
13787393
13816281
13828142
13837904
13857272
13903920
13918355
13918386
13932528
13938070
13942928
13972665
13995443
14002806
14010505
14026663
14033495
14074666
14098792
14109189
14137734
14146135
14162406
14170009
14179108
14188961
14195110
14203577
14219070
14232985
14260138
14267678
14282436
14292824
14293856
14300426
14322358
14329002
14414222
14425964
14429687
14434780
14440217
14446540
14455786
14457286
14461511
14486156
14494979
14500382
14515692
14525355
14527413
14532626
14536509
14548128
14549047
14573692
14582565
14614124
14616199
14641944
14645339
14646720
14670101
14676382
14697073
14697348
14699413
14716179
14720528
14723955
14746649
14787211
14819361
14858728
14874327
14876387
14877325
14894011
14944841
14950353
14953700
14959958
14979782
14990603
14996115
15009752
15010019
15042050
15047381
15060297
15074748
15081666
15092810
15096714
15130786
15159195
15171449
15175429
15214123
15223952
15225099
15234257
15245684
15261161
15264685
15265498
15279226
15280177
15286530
15291438
15296187
15321015
15322635
15335109
15339258
15376393
15385041
15389107
15391112
15437034
15448327
15449068
15450671
15487360
15492917
15502166
15502680
15506327
15522472
15525770
15530877
15573860
15587295
15594308
15597922
15634075
15635347
15643609
15678079
15702245
15707923
15708322
15711846
15717202
15730983
15761515
15803535
15816666
15841164
15867204
15872505
15904765
15931571
15962079
15963761
15976541
15982053
15995855
16020406
16029715
16058273
16065029
16065544
16077689
16115320
16131025
16134054
16135555
16139445
16141493
16224050
16226951
16241682
16245317
16257409
16264243
16269379
16277927
16279411
16287931
16288806
16309927
16314279
16341856
16342199
16356202
16360592
16408809
16408992
16435460
16436484
16436593
16450600
16453425
16460105
16466663
16502728
16510035
16512190
16513643
16527574
16542252
16546537
16556549
16571182
16587848
16607040
16623235
16634748
16637012
16640260
16656197
16703073
16724367
16727120
16739093
16761573
16765373
16781397
16789080
16800574
16831094
16838105
16840554
16853757
16876240
16884455
16900157
16905669
16930760
16931784
16932582
16936272
16951974
16953538
16976757
16979127
16987760
17016846
17031565
17032383
17034021
17073747
17077361
17100420
17129573
17133188
17135677
17143992
17144867
17154568
17155569
17174542
17179386
17189745
17214084
17253234
17295865
17307422
17316468
17323579
17341139
17343286
17353436
17354783
17363260
17394850
17398497
17401005
17406637
17432489
17458606
17461797
17476573
17485784
17495046
17505377
17508408
17518280
17527133
17553762
17559962
17562928
17565116
17566542
17588096
17593986
17605816
17613805
17614545
17616577
17631853
17640611
17648054
17661272
17688723
17693783
17712058
17712478
17738725
17759005
17761083
17773068
17777098
17795465
17799798
17803836
17839303
17851608
17856006
17857458
17860155
17867349
17881718
17884292
17891206
17891482
17919904
17949234
17956372
17958270
17973812
17984042
17990697
17991881
17997093
18045247
18111802
18119169
18124681
18129356
18145081
18149937
18170287
18176385
18178467
18182047
18211086
18213251
18229585
18236201
18260779
18271883
18287585
18317662
18334654
18336729
18338415
18346908
18361347
18410222
18441018
18446101
18453461
18454106
18463848
18472499
18537474
18548205
18551922
18587478
18590930
18591538
18629664
18651343
18664980
18665928
18668119
18677883
18715076
18746360
18752152
18753023
18761885
18770931
18841510
18845701
18863608
18868068
18873730
18894914
18910038
18937270
18945532
18956908
18962281
18973997
18980277
18987880
18992738
19059933
19066181
19079093
19084605
19088664
19099067
19104579
19118083
19124689
19134856
19152111
19165426
19165777
19168285
19181429
19260722
19262635
19278354
19286344
19291017
19296038
19312391
19325085
19328393
19332712
19333905
19351107
19358285
19383544
19383727
19391546
19402776
19420933
19429416
19433071
19485270
19493700
19503741
19504229
19509163
19536135
19551142
19610382
19639078
19653439
19654483
19657781
19666758
19667917
19669268
19697287
19697823
19709092
19731566
19744899
19764351
19772891
19778128
19785042
19789282
19792799
19804485
19834437
19839194
19847924
19882259
19902755
19905531
19941338
19989797
19996789
20024395
20067461
20071025
20093090
20107276
20127866
20133218
20134616
20135482
20144253
20165710
20167627
20170158
20175832
20189607
20191705
20206719
20227557
20233611
20270338
20273964
20278463
20279916
20292270
20299816
20307333
20312690
20332537
20336334
20348870
20367090
20367457
20394712
20417432
20437972
20439624
20457657
20461054
20481015
20501386
20501691
20501724
20502599
20503419
20508002
20509318
20543743
20552292
20614664
20632330
20639429
20658954
20667797
20681985
20683807
20687541
20688741
20697043
20698322
20711145
20715693
20723393
20732164
20732589
20765117
20771531
20775047
20779317
20796421
20805780
20845322
20851011
20852593
20866080
20885979
20899567
20907997
20923906
20931300
20950036
20973175
20984319
20989611
20990699
20997956
21005055
21006637
21013189
21051772
21053530
21082950
21084044
21121691
21140029
21143370
21145714
21150730
21151881
21190098
21200994
21205592
21210869
21213269
21215097
21225913
21230847
21268969
21276545
21279136
21286756
21306873
21319772
21342180
21354091
21368460
21370659
21376442
21409209
21414233
21422911
21449727
21455239
21458529
21459305
21469590
21471091
21479907
21495662
21504985
21509915
21524778
21544951
21555511
21640707
21642236
21643492
21657592
21744838
21750052
21759789
21760324
21772542
21784049
21795561
21795791
21814034
21836717
21859788
21860158
21865587
21865863
21870135
21912943
21932816
21938355
21940806
21944420
21954605
21978321
21980079
21984102
21985591
21993348
22017064
22024249
22029017
22032990
22042617
22081883
22095472
22113019
22140094
22142791
22158785
22174437
22190006
22218282
22259540
22286271
22303396
22328312
22353492
22355756
22356757
22356866
22357371
22366816
22384603
22385516
22403393
22418607
22424427
22440153
22446401
22481179
22481427
22484951
22485915
22508576
22513544
22535684
22550120
22558660
22561294
22598992
22604001
22619893
22623563
22631413
22633052
22645247
22652294
22655542
22659177
22672777
22677082
22690055
22718080
22723021
22723923
22743079
22769069
22804160
22811866
22821213
22824171
22845183
22845202
22847836
22854196
22858088
22884950
22885057
22897056
22902966
22924823
22929174
22944368
22945168
22947357
22973746
22992299
23003639
23007030
23016650
23065233
23075901
23080917
23107465
23109712
23119572
23134986
23136968
23145957
23150261
23184961
23212099
23215340
23223714
23295087
23296799
23307943
23308742
23316711
23349397
23354338
23358643
23381126
23399462
23404159
23406042
23406507
23410573
23422820
23436514
23444032
23460585
23465305
23502231
23504601
23543875
23544230
23547855
23549494
23550694
23563499
23583656
23634965
23640982
23649476
23654943
23656764
23683227
23712814
23730343
23731257
23736254
23757805
23761179
23800960
23814040
23815815
23822229
23826450
23846375
23849808
23850773
23874054
23877272
23885660
23895661
23910622
23911154
23917910
23934622
23954904
23998343
24007171
24038072
24062106
24065906
24071786
24073160
24087626
24088068
24092642
24145497
24232192
24236865
24242710
24274407
24275603
24315893
24334055
24338677
24341861
24344125
24364350
24366749
24374529
24412377
24427304
24436918
24461559
24466444
24496076
24497884
24530529
24536409
24546622
24585514
24586986
24601304
24626794
24634690
24636500
24645927
24653184
24683734
24684419
24699713
24710947
24729397
24729666
24749640
24757185
24772361
24773853
24791860
24825422
24828853
24837161
24870503
24880964
24906355
24922754
24938406
24950521
24978966
24980154
24995144
25009226
25042635
25045068
25051551
25064592
25112019
25140262
25144078
25149022
25153706
25157147
25168826
25171523
25199392
25202136
25215893
25241850
25246075
25257852
25260202
25263144
25271489
25288966
25299283
25306214
25314134
25336229
25337441
25340689
25341741
25388468
25391728
25392543
25397107
25415017
25422288
25436643
25446053
25452715
25455347
25456558
25460678
25471176
25489344
25493244
25495399
25495556
25510951
25521271
25524429
25524855
25552099
25554622
25560352
25565518
25580694
25616138
25627282
25638701
25639862
25649524
25670630
25673429
25680561
25687442
25697436
25699469
25713045
25716892
25743290
25751510
25764134
25766630
25770096
25774959
25778068
25779431
25782739
25801000
25811547
25821264
25827986
25859792
25861292
25870400
25892410
25929175
25933841
25946320
25952394
25961821
26055057
26089680
26094055
26122692
26134060
26136655
26142274
26142960
26152952
26169166
26180657
26193351
26195886
26206692
26236010
26236909
26243447
26249602
26266669
26300555
26330167
26354817
26356517
26356955
26360432
26370995
26387751
26393183
26399170
26399430
26414557
26437746
26472198
26473222
26476440
26477096
26479872
26492067
26494779
26538428
26542092
26557411
26558990
26575881
26579071
26601415
26631955
26655553
26656095
26661200
26662165
26663458
26691464
26693885
26700125
26707462
26710996
26715162
26717166
26747361
26756407
26768362
26773658
26774360
26778465
26789628
26848527
26860336
26887850
26919579
26927785
26930308
26948626
26950607
26953567
26967759
26972059
26984094
27001145
27009346
27034447
27055821
27060120
27062373
27066782
27078628
27090578
27099319
27132953
27135118
27137815
27157902
27163071
27171363
27182354
27189751
27200630
27207135
27225694
27228021
27242987
27256834
27266801
27268979
27275515
27275801
27307345
27319805
27355537
27357266
27362530
27393954
27410482
27411108
27445340
27448001
27463961
27469671
27484015
27486508
27488165
27495453
27500718
27502328
27503993
27511155
27521284
27528744
27535537
27548565
27614042
27620748
27627946
27638777
27638852
27640251
27640932
27645763
27660297
27663573
27675365
27682374
27690604
27692058
27713615
27732168
27770235
27790408
27791283
27811364
27811589
27821354
27884857
27925792
27940161
27941187
27948196
27974070
27977346
27987905
27989990
28029757
28050430
28059340
28080880
28083981
28087285
28130728
28157793
28164696
28200756
28215574
28231977
28248019
28281378
28282967
28285370
28296561
28340370
28349658
28350173
28361234
28375677
28378267
28378635
28385799
28388556
28390723
28396521
28403642
28405018
28407942
28408708
28415937
28428212
28428988
28430082
28448962
28488655
28523247
28551136
28554153
28576809
28600167
28616691
28619882
28626087
28637751
28649837
28686151
28689018
28689450
28707874
28714696
28717445
28726544
28739528
28743044
28747583
28766609
28778961
28795397
28808438
28828333
28879824
28889696
28892221
28894705
28898319
28906234
28912522
28935693
28939860
28945931
28946797
28957673
28962241
28964713
28986165
28990978
29013586
29041063
29056232
29063546
29109520
29111228
29130361
29130857
29131558
29136299
29163460
29171107
29185011
29192533
29200326
29235364
29240796
29246950
29249647
29251472
29258968
29265981
29274871
29282600
29287882
29293929
29339785
29355335
29364151
29382091
29388354
29393202
29397793
29401022
29401467
29409479
29411237
29418718
29432392
29449303
29450072
29471511
29473607
29476958
29477023
29490534
29494783
29505491
29526421
29528242
29560428
29590173
29621421
29629292
29693473
29696835
29701018
29708031
29713554
29716047
29718377
29727068
29729888
29743476
29743894
29744535
29761816
29775035
29793986
29821585
29823332
29842465
29855770
29868673
29872255
29877127
29893070
29908970
29913899
29924429
29954282
29956357
29959054
29980671
29989743
29990527
30013285
30023385
30032490
30037006
30056949
30068360
30113633
30117596
30133962
30141158
30148765
30179217
30184819
30185683
30188879
30198246
30260526
30265331
30286132
30289762
30312588
30320106
30329698
30331336
30346474
30354818
30358066
30385673
30387668
30392835
30394091
30437750
30439232
30477023
30486603
30491707
30553475
30557486
30568389
30569225
30579994
30584616
30623750
30671839
30705198
30734434
30775283
30808669
30814832
30821482
30834553
30845878
30872601
30880395
30883395
30895084
30948557
30959956
30967320
31003150
31035132
31046667
31079870
31085389
31120110
31138801
31139451
31165956
31169561
31174688
31183734
31199306
31245803
31251820
31258140
31304844
31310675
31357882
31359607
31361020
31362578
31363454
31382539
31385461
31389133
31389215
31404179
31411112
31415858
31426387
31458489
31472309
31472967
31473730
31482369
31485552
31487559
31517331
31530706
31538345
31543011
31561960
31609273
31621826
31653970
31655637
31669363
31671059
31672060
31677170
31677702
31699216
31701848
31703457
31707390
31739266
31750720
31757023
31763512
31766788
31769135
31773025
31775972
31819495
31830292
31836271
31836679
31849598
31850184
31855190
31871289
31871791
31884942
31894723
31907367
31911189
31915320
31919903
31947777
31970700
31979071
31982079
31998130
32001578
32024169
32043152
32046467
32054326
32078924
32081325
32094926
32104340
32119036
32119893
32124075
32124133
32140998
32164465
32185044
32189110
32192328
32214201
32243704
32253092
32265763
32273523
32286013
32293580
32296191
32300254
32312193
32314957
32320148
32325860
32336653
32338946
32340586
32378801
32383651
32399846
32411439
32414340
32426056
32445156
32473195
32484692
32484772
32495697
32517051
32518233
32550162
32559585
32565546
32620557
32635385
32639414
32674406
32679073
32702521
32725850
32756766
32758571
32758721
32765059
32781680
32784779
32787118
32831764
32838995
32839879
32851696
32851799
32854647
32868009
32879405
32898269
32931655
32972453
33003539
33003890
33021518
33039015
33040485
33045215
33047140
33075741
33083448
33112974
33116940
33124030
33126887
33139324
33168949
33174568
33175149
33180413
33191098
33193600
33202570
33223076
33248350
33262792
33265108
33268340
33278287
33296497
33297463
33298226
33305774
33315815
33348959
33366425
33391336
33410107
33440317
33473138
33483098
33484342
33493571
33494461
33496599
33498739
33517819
33524287
33527165
33548219
33562604
33584221
33613747
33621504
33630183
33638795
33661588
33673434
33686584
33694204
33717769
33719093
33742083
33745926
33748422
33754466
33765032
33767941
33798693
33808105
33811403
33833681
33866640
33876452
33901891
33903506
33913983
33925415
33936153
33967338
33971362
33973751
34001114
34007818
34011236
34020130
34025329
34030841
34100477
34103962
34104963
34114997
34116754
34125634
34129818
34132832
34155074
34193812
34207139
34224465
34229992
34259737
34271321
34305238
34323131
34340023
34343292
34369681
34408623
34421584
34424281
34427096
34452042
34467169
34472618
34516149
34520440
34523081
34524689
34527046
34540702
34574329
34588867
34598762
34606707
34607159
34611275
34617190
34623678
34627552
34631272
34665769
34670884
34680492
34684458
34694745
34706518
34718792
34740767
34742535
34749498
34794609
34803425
34809623
34827219
34834371
34842071
34853301
34857542
34861008
34874518
34891367
34894070
34932067
34934394
34936099
34938107
34940600
34965426
34974684
34977700
34985064
35003661
35038861
35039971
35054540
35074358
35080938
35095771
35099512
35125273
35138084
35154723
35158484
35160042
35166988
35167068
35173879
35202036
35204957
35242333
35261385
35273530
35277909
35320625
35340925
35341563
35388694
35394206
35410244
35415925
35463928
35466358
35469599
35487034
35494488
35521321
35539922
35569490
35586868
35603809
35612294
35615322
35626466
35640070
35641468
35644558
35652634
35655147
35672688
35686788
35710140
35717586
35718956
35739010
35740400
35762389
35767561
35769459
35781764
35785315
35801047
35822589
35826254
35830744
35839870
35843505
35849050
35869161
35884436
35914365
35954189
35966041
35979679
36018985
36019192
36021450
36022094
36026942
36031140
36032729
36034947
36047142
36082210
36103134
36108921
36152194
36196291
36200016
36221207
36226980
36228401
36251896
36306678
36315724
36325202
36328401
36330741
36343604
36377691
36386370
36421996
36470326
36491015
36507642
36509875
36510454
36510989
36512120
36529404
36532944
36533819
36552227
36569229
36588472
36600444
36602615
36617892
36660724
36673092
36675017
36693052
36716776
36729918
36740315
36746988
36751212
36751744
36763487
36767895
36768860
36790898
36793439
36794482
36808552
36815158
36821256
36857954
36860994
36868351
36873265
36878777
36891283
36910371
36915723
36937602
36944268
36947317
36974152
36977336
36982968
37006825
37007538
37012129
37022997
37026264
37041499
37051386
37054925
37065242
37081400
37088594
37096676
37101550
37110113
37110193
37132877
37138326
37154646
37193428
37196341
37200578
37209596
37210204
37212257
37251793
37276970
37321943
37349542
37349667
37355081
37369197
37373873
37397311
37404293
37425856
37428632
37429904
37434144
37440750
37448087
37476953
37479291
37483308
37508478
37535267
37546721
37554160
37563738
37564853
37580348
37595392
37598850
37599138
37628685
37681581
37726709
37778456
37794158
37827241
37829624
37835952
37883536
37895113
37898153
37905255
37911303
37915312
37917946
37939240
37948056
37963897
37971169
38000568
38022873
38039339
38088319
38107988
38114759
38118304
38126895
38136816
38156646
38164503
38171940
38188100
38195637
38200428
38209394
38213984
38259159
38263116
38279809
38287934
38288372
38301551
38314064
38314427
38319576
38325818
38349188
38351530
38355070
38356826
38384483
38423306
38453866
38457511
38460332
38467371
38470751
38472976
38475240
38481546
38481792
38486062
38502479
38503586
38539417
38551327
38554206
38562746
38623239
38649517
38666507
38668816
38672875
38688289
38697444
38714329
38715423
38747856
38752712
38763102
38771229
38774206
38807813
38808964
38854884
38878428
38878653
38890455
38891020
38891646
38893469
38903223
38903831
38912394
38961738
38976323
39004336
39010010
39012568
39013993
39029287
39061173
39061461
39075049
39083151
39098119
39115799
39118539
39159157
39182826
39187918
39193520
39220626
39221202
39242225
39256002
39273211
39275554
39276267
39287722
39313847
39333621
39358669
39360301
39364331
39384023
39384731
39395535
39479955
39486855
39512144
39522780
39542262
39585949
39591213
39602035
39617177
39650190
39664886
39677422
39686180
39698716
39708237
39717384
39721975
39721994
39724424
39741391
39751230
39754104
39766139
39790231
39795445
39798094
39802872
39827177
39829110
39834126
39842513
39853229
39858847
39865679
39866743
39882205
39884165
39886694
39891710
39921662
39954249
39996574
40012201
40019746
40046719
40067256
40082258
40118955
40124402
40137552
40139871
40162543
40182016
40187924
40188515
40189969
40195929
40204151
40218882
40260982
40261084
40262371
40265648
40267946
40291530
40293379
40296816
40342946
40354931
40377863
40379832
40394449
40411949
40424254
40465260
40487893
40491330
40510015
40514480
40524401
40528626
40596101
40597151
40618525
40632802
40641516
40651970
40673287
40677157
40681340
40698441
40701365
40703107
40706141
40710411
40729569
40746788
40793853
40820441
40822913
40833626
40853215
40858546
40872314
40874588
40887807
40895941
40896258
40910108
40927868
40933407
40940480
40950272
40951641
40960560
40977504
40997506
41010121
41016594
41035743
41049938
41092889
41105206
41121350
41123172
41157326
41196615
41216167
41259500
41263510
41270820
41291575
41308886
41319256
41325186
41343928
41382402
41382938
41384703
41385099
41393829
41400685
41418502
41433223
41444425
41449217
41493314
41511482
41524649
41529665
41530529
41537937
41549289
41554759
41582858
41588370
41600780
41608487
41634668
41653192
41657600
41676567
41685547
41686571
41723573
41723587
41733657
41744513
41749817
41754997
41779749
41801546
41801787
41821269
41827168
41834587
41842001
41850589
41872148
41901785
41907447
41959852
41965107
41976460
41988728
41997036
42002483
42006223
42020548
42029714
42041043
42070569
42074292
42079535
42100829
42116316
42122529
42128537
42133294
42138806
42143657
42192381
42199024
42210174
42215026
42217980
42268833
42344075
42360458
42373439
42390380
42393077
42405417
42417263
42420194
42456046
42463191
42490472
42491078
42502674
42515262
42518233
42522917
42569012
42584738
42610337
42619700
42629304
42646393
42667796
42669934
42678404
42682677
42684326
42685861
42693142
42709133
42743500
42745920
42746611
42754737
42788884
42795096
42808874
42810005
42825144
42831299
42832220
42832488
42870272
42905241
42913293
42924672
42936008
42936351
42943383
42960268
42988298
42990109
43023336
43023422
43026521
43028934
43032302
43034473
43035659
43037249
43046212
43049692
43070368
43108595
43175016
43189149
43201622
43217877
43227640
43248908
43251073
43255322
43257569
43262602
43277436
43338877
43342707
43344389
43370128
43376870
43406716
43411613
43416836
43447464
43451927
43476099
43490428
43510827
43533085
43536898
43537248
43551784
43558589
43565929
43576246
43592223
43604701
43609557
43613109
43650376
43666232
43680377
43683516
43705561
43709259
43761445
43762927
43791223
43815870
43824841
43842398
43842674
43859309
43871727
43872362
43881867
43884030
43884883
43947005
44012892
44020331
44021910
44027509
44041522
44045609
44072608
44078838
44101767
44124910
44128215
44145000
44154099
44155579
44157268
44158517
44165243
44170755
44182657
44191966
44223647
44230045
44230894
44235495
44246579
44250821
44256333
44304174
44306871
44310418
44322315
44391378
44396890
44404865
44416607
44446110
44457564
44468676
44480646
44482976
44486859
44500805
44516856
44523269
44526408
44529950
44535196
44539468
44555198
44558743
44602251
44620667
44662101
44685459
44695011
44721741
44727279
44738682
44742825
44743100
44744025
44759608
44769879
44803824
44816634
44816686
44826756
44843090
44882886
44891427
44900673
44902673
44904834
44949218
44955631
44961223
44966850
44982609
45037095
45037528
45040061
45068088
45068364
45085893
45110538
45130706
45138350
45146723
45155028
45160209
45162955
45173121
45185489
45190760
45202589
45212480
45216792
45223115
45223891
45232511
45234884
45250178
45255284
45255553
45255690
45257691
45273875
45285973
45311477
45311520
45335374
45395584
45395867
45406046
45413515
45430116
45453905
45468050
45470341
45473450
45477648
45502133
45520425
45520686
45531845
45546865
45574653
45576787
45588473
45595246
45598200
45620316
45636692
45638076
45643165
45652136
45660982
45672544
45674619
45675776
45700063
45701017
45715549
45719106
45742999
45771544
45796800
45798882
45799754
45812382
45826525
45834734
45841848
45842810
45851350
45854934
45858006
45869616
45877162
45890749
45913217
45916669
45922056
45932155
45936590
45949632
45959522
45970287
45996412
46000617
46035718
46038401
46062890
46064023
46079207
46085905
46090303
46092704
46116428
46128793
46158658
46185554
46192567
46205952
46234667
46239431
46255749
46268301
46281032
46285193
46292774
46295971
46313300
46327287
46336413
46352306
46353604
46366090
46377327
46410340
46428330
46431891
46438813
46474129
46481798
46485118
46518686
46518985
46546323
46559142
46559492
46560764
46564158
46600467
46613379
46623749
46631691
46649005
46652935
46654465
46673265
46694955
46697448
46714851
46719257
46741394
46763354
46790260
46836537
46843712
46865431
46898312
46900576
46905432
46913531
46924592
46949114
46951012
46966425
46968290
46984398
47003451
47003527
47009456
47014561
47022199
47028495
47033343
47059290
47076958
47085415
47096091
47112694
47116647
47149002
47153077
47173427
47184318
47204292
47208883
47227919
47233431
47246392
47249519
47272459
47282201
47291489
47292958
47311889
47350048
47356987
47359462
47370912
47382839
47397975
47411978
47422939
47424365
47431377
47447611
47462050
47473911
47476770
47485866
47498064
47499623
47529738
47541447
47543113
47546727
47547445
47577030
47578849
47603943
47615863
47636022
47652966
47663877
47718998
47721292
47768697
47800751
47807450
47818042
47834788
47838285
47870077
47881444
47882409
47897076
47899584
47917003
47926505
47929764
47954812
47972278
48015252
48033069
48046143
48058923
48096046
48096315
48099929
48111073
48121223
48123121
48132397
48149675
48166785
48174273
48177721
48182987
48202193
48203482
48219563
48223284
48228047
48257559
48295288
48301656
48301750
48302125
48311339
48332868
48340059
48362556
48371327
48376469
48378584
48384096
48418001
48441016
48441096
48446588
48462207
48472843
48477722
48491467
48524853
48528369
48530365
48543813
48547954
48552247
48553723
48565685
48570282
48582862
48585420
48585633
48588960
48596273
48598564
48609801
48617032
48628233
48635215
48635912
48689974
48750803
48751127
48761598
48763759
48777012
48782181
48785991
48835385
48870272
48874052
48876152
48898348
48898956
48911068
48920417
48945747
48947329
48974082
48976409
49005210
49018103
49026108
49040586
49087044
49089615
49093690
49105792
49140417
49142910
49158917
49160987
49171641
49175701
49196469
49198983
49208587
49209938
49218369
49231646
49234060
49240473
49252003
49282874
49291950
49293162
49323937
49343774
49361957
49362096
49366155
49370242
49406121
49440756
49460746
49505449
49513262
49528002
49530543
49533820
49547058
49548608
49557597
49565749
49592129
49597761
49598067
49598812
49630422
49638391
49666942
49667615
49683489
49704423
49739632
49771105
49793143
49798550
49805178
49826529
49830541
49842749
49851833
49861230
49866078
49877847
49878521
49913314
49933214
49944168
49978612
49995653
49996029
50016539
50038754
50049650
50059618
50064927
50069781
50077488
50112804
50113114
50121635
50144623
50166165
50194184
50217116
50221888
50225348
50230422
50236469
50242927
50287530
50293835
50296374
50298658
50307592
50318739
50322047
50340471
50343131
50362785
50363494
50391185
50392364
50392374
50392563
50406377
50415491
50429376
50465924
50476772
50503865
50507359
50514261
50520749
50527072
50531920
50545331
50558102
50564248
50573347
50573701
50576543
50582910
50596154
50597468
50616574
50646582
50649045
50663633
50675052
50693159
50693641
50702899
50714223
50724889
50736568
50746628
50753460
50766210
50768636
50770318
50790636
50792182
50798062
50807776
50825213
50832833
50835616
50847193
50893673
50913379
50914249
50947993
50948751
50950065
50983424
50996938
51009206
51009328
51034927
51067206
51070454
51071585
51083098
51090564
51112684
51127820
51128095
51144503
51155843
51161475
51163131
51165089
51166987
51168286
51171845
51181654
51200373
51232165
51234232
51244520
51251773
51262947
51269590
51273649
51294106
51295898
51300198
51313348
51320912
51325768
51362220
51368892
51369689
51384756
51392013
51393461
51394012
51416979
51430257
51440535
51462577
51469616
51474034
51476271
51498675
51506256
51510189
51515808
51518016
51528314
51543747
51549528
51559191
51585347
51587422
51587485
51593027
51599014
51616849
51619879
51623656
51654558
51670360
51672883
51685101
51710166
51755157
51757145
51758771
51787067
51791465
51805590
51810425
51813948
51814556
51815937
51836049
51854602
51857493
51884492
51925273
51926156
51955302
51988436
52004646
52004783
52033059
52037576
52046652
52050488
52056417
52062488
52101603
52114058
52146376
52154701
52159229
52167757
52180111
52181114
52185812
52193175
52200112
52218480
52267677
52299578
52308359
52318450
52324692
52341541
52346501
52376509
52384266
52401990
52419390
52438786
52468530
52468713
52485303
52490319
52493016
52499396
52523206
52549610
52572889
52574657
52581763
52582836
52595951
52596566
52612241
52617753
52621131
52641777
52661093
52669239
52676665
52704768
52717163
52717564
52719809
52733083
52733163
52744317
52744852
52783167
52803983
52841427
52856878
52856958
52866631
52925190
52941341
52957951
52960923
52968361
52973032
52995157
53003973
53019329
53055181
53067724
53069194
53069501
53084427
53087566
53099261
53101819
53106778
53146660
53178988
53182512
53195273
53204916
53207533
53207613
53223867
53224143
53276834
53282107
53309186
53363323
53370870
53387223
53392244
53402158
53411967
53438954
53473774
53474806
53480255
53504052
53541080
53553036
53553721
53559260
53569025
53589268
53597655
53603885
53604995
53639618
53640583
53660383
53685710
53686325
53687624
53712954
53745616
53746174
53753887
53791093
53832702
53842446
53849045
53855540
53862391
53866431
53873432
53878448
53898781
53899024
53916515
53933491
53939428
53942280
54002389
54006484
54023510
54027836
54035215
54038343
54080376
54082146
54087525
54103366
54107451
54115068
54121549
54123073
54141276
54161493
54182081
54200785
54216274
54228690
54232884
54253202
54262599
54277507
54286952
54293312
54306636
54314240
54317039
54321620
54340398
54343657
54353451
54353949
54354325
54369268
54370841
54374625
54380980
54404735
54438422
54439082
54472809
54491782
54493920
54496673
54497993
54523109
54524110
54527169
54558177
54558204
54561824
54563809
54571804
54577476
54600166
54604757
54619020
54637112
54643050
54664959
54669687
54688654
54689860
54701167
54774308
54793817
54799115
54805403
54819073
54838572
54863988
54867442
54871958
54878706
54888028
54889850
54895230
54906553
54908216
54912340
54940470
54975169
54979488
54993857
55029739
55063656
55066684
55085100
55090612
55099428
55115210
55119175
55143559
55157760
55200555
55218923
55253365
55291941
55298597
55299620
55303936
55313873
55318131
55325937
55330131
55371331
55402570
55408357
55435420
55461370
55489420
55503224
55513085
55515369
55523175
55524764
55532221
55550836
55552043
55552545
55557212
55576092
55645303
55649203
55678689
55682464
55705427
55706203
55714842
55744401
55801322
55809111
55812250
55829641
55848558
55872099
55873150
55884191
55895377
55898980
55900567
55910514
55915763
55920043
55925109
55925717
55939234
55954436
55976180
55978601
56017342
56052304
56063904
56064928
56085486
56097015
56097640
56140248
56142161
56162932
56171220
56173226
56210650
56218483
56228310
56265599
56278778
56290497
56294430
56306867
56308257
56314412
56320792
56327898
56364309
56370549
56373923
56383424
56389805
56406350
56413689
56416638
56459211
56460140
56513725
56537940
56559172
56568280
56574667
56577863
56582454
56586803
56590508
56604363
56629429
56641229
56682054
56703578
56709090
56738960
56750264
56756431
56789564
56797527
56798663
56800435
56801334
56814579
56838200
56856105
56871887
56874397
56878300
56880627
56886199
56890578
56891738
56905804
56908072
56918109
56922873
56930630
56933092
56948970
56951743
56952109
56969938
56989543
57007211
57061348
57075860
57076991
57078492
57085468
57086252
57096365
57103797
57109276
57118454
57140589
57145260
57146311
57175370
57177965
57179284
57190309
57200436
57215832
57221668
57225116
57230731
57239529
57249955
57264050
57281934
57284793
57289779
57304707
57309116
57310855
57322157
57352585
57365240
57369463
57408313
57411885
57423882
57427612
57431226
57439002
57441699
57446032
57473366
57479334
57504945
57505221
57513394
57530785
57543879
57552667
57553302
57564912
57603277
57612749
57613573
57613923
57636063
57642305
57642912
57655455
57665476
57667990
57705533
57782601
57786354
57808114
57845930
57852077
57869439
57871397
57906385
57907446
57923098
57940838
57992451
57993142
57996721
58005453
58022902
58023085
58060473
58069825
58078002
58080618
58086790
58095745
58105719
58116288
58123626
58151106
58193931
58226731
58243607
58251352
58253280
58254344
58280017
58288298
58306753
58313296
58318915
58331737
58332102
58341321
58352952
58387709
58409352
58418774
58425686
58427843
58432441
58469132
58471948
58494167
58496095
58501456
58503462
58519273
58556056
58561246
58564362
58576898
58583450
58597979
58600445
58604824
58615198
58624566
58647064
58649632
58661499
58662266
58671024
58679029
58704591
58724791
58730453
58732069
58751259
58751551
58761997
58764370
58781365
58801999
58802321
58802825
58811137
58816141
58868659
58880508
58880531
58895825
58905787
58913500
58917541
58922288
58928120
58933634
58934000
58956388
58986545
58987160
58992775
59005575
59006201
59007839
59010167
59024369
59027764
59062176
59075770
59086649
59102758
59107942
59193471
59202380
59230779
59253526
59263665
59287438
59298949
59314075
59322963
59326211
59331617
59360886
59372039
59385979
59392523
59427999
59431108
59446227
59448924
59452156
59495382
59507164
59513211
59520544
59526100
59538361
59548138
59549988
59582575
59589524
59592089
59642717
59648321
59658419
59665888
59698751
59703848
59720488
59725637
59730941
59738281
59761639
59777371
59787153
59800222
59833333
59833623
59856532
59881102
59910149
59923329
59930817
59931029
59946151
59951146
59959136
59963515
59971071
59978080
59980516
60007299
60007488
60016368
60037859
60039909
60051320
60055212
60061211
60087172
60093385
60108927
60125105
60134544
60141722
60146388
60158716
60159757
60163371
60165262
60165269
60205214
60205411
60234450
60245826
60249957
60271478
60271931
60278839
60292491
60313182
60318990
60320353
60325137
60349202
60371822
60406860
60418097
60420710
60429682
60429712
60433586
60444257
60451006
60455318
60487846
60490249
60502867
60518126
60521740
60521816
60524273
60543530
60544849
60550361
60576578
60588338
60596911
60642782
60644523
60645736
60656249
60660305
60671634
60672417
60687646
60721978
60724413
60772430
60780245
60785342
60788250
60811522
60822069
60827298
60845617
60901568
60903408
60907047
60912571
60921461
60939558
60943382
60946031
60969936
60977016
60980115
60984716
60990943
61000368
61004638
61005329
61016536
61017486
61034193
61036526
61046537
61047631
61080454
61137933
61140855
61162981
61168179
61170441
61181235
61183663
61199311
61217687
61234790
61248901
61260205
61286092
61291604
61296564
61302549
61347966
61357438
61360686
61374414
61384593
61421282
61422097
61433051
61441809
61447321
61452893
61466870
61469922
61482475
61493003
61494567
61520349
61520775
61526287
61533465
61545420
61561072
61565871
61566478
61568009
61568604
61594233
61600195
61633564
61657887
61663754
61665829
61767740
61789648
61792896
61812270
61819663
61874463
61903967
61911409
61914612
61921130
61922259
61952602
61956307
61968670
61971483
61977500
61982166
61983039
61986697
61988229
61989795
61997818
62021803
62045228
62054690
62078570
62084162
62094034
62126907
62126970
62128728
62141080
62151033
62167993
62183645
62206423
62207630
62226741
62238143
62253207
62255818
62257625
62262048
62270356
62277750
62280628
62280708
62294571
62307939
62308289
62313571
62321694
62326012
62326304
62327256
62342638
62369621
62374294
62394054
62401550
62412188
62419705
62424982
62428356
62444138
62477599
62478205
62504838
62508395
62519539
62525180
62528137
62553606
62557508
62561170
62574131
62577928
62614782
62663067
62672413
62673803
62675003
62681937
62698355
62703869
62704073
62718667
62726368
62733837
62748197
62770389
62770555
62827680
62857665
62866504
62877217
62877768
62892703
62893609
62901048
62909178
62962777
62988294
62997233
63007400
63030939
63041069
63051001
63066415
63080428
63084162
63099294
63122666
63145339
63157844
63172462
63205355
63207480
63229894
63264146
63269364
63275061
63279848
63303549
63326685
63339864
63356980
63359749
63362847
63364237
63402822
63406385
63421237
63424036
63429628
63435775
63471091
63480486
63481297
63492471
63494813
63498569
63498746
63498929
63501780
63504054
63509385
63518490
63524002
63566493
63584141
63590354
63626767
63643501
63651861
63695925
63700916
63705265
63730162
63752925
63760533
63780000
63822127
63835158
63841212
63842682
63844580
63851068
63866729
63870103
63903952
63924463
63930590
63971855
64044086
64051615
64060927
64063726
64066467
64074880
64102651
64130521
64134736
64139091
64144759
64155166
64158277
64162605
64170362
64172477
64174209
64214935
64219343
64221241
64271492
64287137
64305429
64327229
64347885
64354956
64358513
64371934
64382636
64389050
64396730
64422442
64434995
64437479
64455238
64472188
64500018
64503392
64504516
64505299
64511397
64512524
64521827
64567004
64581516
64593967
64622365
64631461
64644329
64682805
64688109
64695300
64699600
64712411
64712857
64722807
64728418
64729076
64735174
64757056
64759753
64779546
64791233
64798032
64798128
64818289
64820027
64847977
64879012
64879776
64881535
64900452
64904542
64906682
64907107
64923109
64936802
64939119
64947983
64952096
65001169
65002193
65004890
65012510
65014060
65021506
65031170
65049663
65058350
65060560
65068565
65071226
65072176
65089796
65098061
65098457
65115798
65118481
65131843
65145955
65149094
65160213
65166128
65169995
65186866
65191532
65197948
65242870
65247158
65275005
65278246
65290917
65309368
65318714
65319730
65320695
65349692
65359355
65380563
65414455
65419461
65460320
65462474
65510028
65515753
65527187
65532699
65560068
65569463
65594999
65604323
65627078
65647068
65647792
65649561
65664538
65680540
65684968
65707266
65711774
65718537
65719640
65722054
65727353
65746224
65760493
65799261
65820936
65823091
65827764
65828207
65834786
65849264
65853228
65868956
65869931
65875443
65879692
65909436
65924424
65935936
65946789
65972513
65991986
65993117
65996365
66002773
66021039
66060725
66065910
66082105
66083687
66108235
66109018
66112183
66124386
66125012
66132189
66132715
66151192
66165761
66168777
66195104
66197647
66207161
66221277
66225793
66242213
66280378
66288518
66310224
66310878
66311413
66326917
66335480
66362709
66363918
66410123
66413737
66423089
66461614
66465029
66477616
66488062
66531553
66578224
66598761
66607071
66628365
66631810
66632285
66637890
66650072
66690801
66724370
66728625
66776742
66792469
66795818
66813653
66829166
66835021
66841494
66847857
66850540
66854168
66863048
66880680
66886312
66914717
66953443
66960380
66970650
66972727
66982599
66992234
66993258
67026746
67040796
67052564
67057515
67063772
67112247
67125841
67129558
67132862
67144282
67192213
67204407
67209425
67222316
67239369
67287339
67291329
67298085
67301775
67314796
67319681
67344429
67347205
67366154
67382329
67385257
67400497
67409135
67409162
67410186
67433733
67453976
67457274
67461653
67461920
67466776
67473659
67487795
67508916
67513932
67530189
67533118
67533557
67536050
67537091
67541562
67561035
67565459
67569684
67576557
67622043
67632396
67639357
67648574
67655402
67683559
67691081
67696102
67737579
67738800
67754305
67755576
67783175
67785872
67795893
67799433
67822024
67831788
67835092
67840604
67846696
67861978
67901032
67901597
67918804
67971266
67983871
67994355
68001368
68004992
68006086
68007418
68025235
68029393
68046840
68047210
68074016
68087867
68133894
68136055
68149714
68151499
68160019
68199449
68201776
68219593
68251940
68270987
68278258
68281523
68289867
68300942
68309885
68314952
68324107
68331893
68343406
68363171
68377879
68387501
68401444
68410783
68416221
68416371
68437665
68442079
68443187
68444509
68465953
68471921
68495279
68507584
68511117
68513096
68546734
68548908
68561910
68571782
68602916
68624107
68630770
68637734
68640507
68648937
68668730
68673227
68677044
68677452
68689588
68703262
68726454
68733366
68745870
68776698
68784985
68838099
68871651
68881968
68895005
68906609
68919697
68924426
68932241
68955072
68983091
69010172
69022965
69037842
69052186
69053654
69056119
69059493
69059718
69066555
69074193
69076434
69078304
69098045
69119658
69133176
69141484
69148848
69148904
69158659
69161567
69167953
69206368
69267655
69269337
69283270
69300049
69324859
69342230
69406715
69440768
69447493
69468189
69474336
69484439
69484974
69495451
69504251
69517170
69517578
69534694
69543450
69594560
69624154
69635924
69636160
69642220
69654495
69656842
69657218
69658425
69676577
69684480
69694556
69696209
69708562
69711095
69727518
69744914
69763613
69767860
69770365
69779614
69781935
69809091
69819396
69834373
69843253
69843819
69849824
69859388
69877205
69886431
69886782
69897153
69907650
69908156
69910679
69923565
69946924
70012834
70035199
70054883
70071718
70093375
70112969
70126211
70138274
70146319
70149953
70151911
70163940
70170326
70170701
70200290
70203814
70278054
70301150
70323735
70329138
70332016
70343160
70343948
70344291
70351047
70362299
70374035
70396918
70401369
70408291
70418103
70431820
70432770
70441274
70447472
70472339
70478377
70483474
70483847
70505798
70518442
70554243
70556657
70563670
70572486
70592203
70597314
70601229
70632811
70658572
70665427
70676412
70689284
70697236
70719476
70757981
70767502
70769140
70788643
70791855
70799850
70807855
70824501
70829782
70847123
70863244
70891346
70901792
70906146
70912888
70913128
70915026
70924329
70979868
70999488
71027131
71048286
71066517
71083154
71093592
71121360
71172248
71199054
71221170
71244258
71274560
71275248
71275606
71290830
71294961
71309341
71324325
71338202
71351260
71356835
71376104
71399567
71400930
71406562
71406931
71409746
71418040
71434944
71435265
71462813
71463745
71472377
71537599
71542560
71545393
71549874
71593925
71596854
71602834
71630235
71638071
71654163
71670588
71692378
71702725
71705517
71714712
71719609
71740652
71742550
71768837
71777929
71778943
71796591
71797142
71815570
71817950
71825072
71827289
71834653
71840268
71848181
71903531
71916607
71924140
71927904
71931203
71931991
71944537
71948935
71964587
71976197
71977063
71981829
71982237
71984830
71991132
71991393
72016309
72019263
72039930
72043753
72044121
72071091
72082393
72086410
72113641
72125401
72131458
72146522
72160608
72180054
72186289
72196863
72238626
72240701
72263267
72270548
72281450
72283041
72283697
72292427
72303332
72321832
72331484
72351459
72352885
72357932
72388700
72405506
72429053
72435955
72440822
72467119
72478413
72483170
72489159
72492356
72522545
72526611
72532123
72533266
72537169
72540543
72541417
72544503
72549599
72569413
72573048
72585451
72623123
72629531
72633771
72635685
72643831
72660716
72662917
72675234
72695027
72697449
72700907
72709139
72731596
72739124
72741930
72778522
72820279
72824107
72846164
72847039
72858276
72874976
72877040
72892789
72917599
72921337
72923214
72939499
72961219
72966500
72969224
72970114
72993230
72996920
73005076
73039288
73058436
73061633
73068646
73087575
73098200
73116126
73118125
73135794
73139667
73147424
73155237
73177026
73218314
73219523
73234960
73271558
73282831
73304211
73325454
73329724
73338513
73370015
73370911
73396245
73401005
73401348
73407316
73418996
73420697
73423018
73426236
73427453
73432965
73440687
73454366
73458870
73500021
73527359
73554245
73555147
73563083
73568816
73572428
73573664
73578575
73609294
73611611
73622888
73628932
73630853
73635318
73662291
73667247
73678206
73709293
73725444
73742170
73746738
73808170
73833399
73843470
73845511
73847436
73880662
73885227
73913433
73914749
73976818
73982466
73983083
73983560
73994027
73999829
74019891
74021361
74041901
74044151
74054444
74055468
74064833
74071213
74071385
74086679
74093703
74121384
74155633
74160133
74165607
74170888
74180531
74188338
74189705
74197159
74205562
74208913
74231611
74238948
74241807
74254524
74266187
74270858
74339552
74341284
74343638
74346308
74350789
74358314
74393006
74405367
74413364
74462981
74472762
74474345
74496121
74497516
74502111
74505548
74510852
74539352
74546279
74547873
74548531
74555653
74599690
74606846
74607720
74666455
74677792
74702271
74704684
74715725
74747052
74777162
74781680
74792931
74819809
74852673
74854144
74863827
74879962
74880112
74880618
74892387
74901486
74908982
74954586
74971295
74972601
75038748
75057381
75061065
75065554
75094574
75104689
75117223
75127097
75131586
75133724
75141506
75145410
75186608
75190849
75193865
75201355
75237474
75316629
75316870
75317968
75380466
75385047
75405247
75408706
75416013
75417402
75449979
75464775
75466763
75472395
75474202
75484706
75507363
75511754
75517266
75540406
75550246
75552609
75557516
75559780
75563028
75604859
75620653
75638320
75640971
75643004
75681810
75686657
75688132
75696687
75710905
75721544
75727176
75747150
75774213
75780536
75808631
75838926
75844714
75857845
75908353
75911769
75916515
75919699
75944254
75951428
75958973
75980267
75983803
75993417
76005097
76068600
76090373
76096337
76096775
76108202
76109666
76131581
76142559
76151198
76205610
76255062
76263067
76267366
76272746
76275647
76302298
76312019
76313644
76323173
76338911
76344898
76393983
76422008
76428711
76469717
76473484
76505312
76535373
76544635
76577473
76579548
76593323
76603427
76608424
76608975
76613648
76618681
76621670
76654729
76661575
76667800
76685877
76688956
76693852
76695647
76701337
76702818
76707567
76724958
76751769
76756528
76758029
76771086
76775846
76818541
76818650
76837690
76842706
76843288
76849339
76858416
76863908
76867960
76900854
76901948
76906871
76907655
76921412
76925472
76985451
76988485
77008719
77027576
77039385
77057382
77083957
77105309
77133547
77139228
77198074
77222277
77242516
77254601
77266281
77269269
77299409
77317440
77337151
77337825
77346310
77375984
77396422
77410744
77436216
77450402
77472109
77479011
77484036
77488518
77497507
77509399
77569524
77570513
77576610
77577721
77586190
77604344
77611355
77622759
77629365
77634879
77643052
77661525
77667250
77670785
77681007
77710613
77716125
77719074
77726823
77737419
77762675
77765715
77770601
77780492
77790442
77791726
77816442
77837656
77844669
77880194
77898406
77907452
77931684
77934606
77964641
77989050
77999659
78004269
78007573
78011982
78037388
78041003
78059543
78100201
78123748
78127512
78133742
78135487
78145440
78156195
78173034
78177184
78196317
78198633
78198801
78198873
78238965
78251408
78273476
78283690
78295965
78305543
78307383
78316015
78319125
78321813
78344286
78345171
78356941
78368683
78404928
78411726
78416114
78427784
78465651
78481611
78483743
78502802
78520632
78522776
78544568
78552022
78574819
78595169
78599258
78624775
78626510
78630287
78638966
78646723
78663623
78667914
78683916
78699856
78707113
78709377
78713676
78715177
78716373
78763772
78769284
78783922
78809108
78818890
78820788
78840822
78855473
78860277
78861418
78887648
78902925
78908942
78914088
78927589
78935329
78973256
78993098
78998610
79020750
79034375
79036768
79044475
79051752
79058908
79063521
79067986
79090205
79098339
79106419
79108078
79114877
79125020
79153275
79161190
79197172
79219099
79280047
79325258
79325870
79328567
79334704
79341442
79393664
79401284
79406664
79418948
79429158
79439337
79529418
79540897
79543666
79567577
79569047
79574559
79595510
79600500
79606914
79614165
79640830
79665917
79688592
79694299
79695849
79697408
79698245
79743875
79765044
79768824
79770556
79779602
79789798
79799395
79812545
79813289
79815047
79848783
79856060
79884009
79893006
79895243
79896620
79905971
79926605
79938134
79944539
79963125
79975678
79976193
79982706
79985430
80026613
80051046
80056815
80074989
80088287
80102244
80116164
80119433
80130257
80171525
80179282
80182311
80202737
80215991
80245511
80256655
80301549
80313654
80319521
80324798
80332397
80336484
80339941
80347481
80352920
80384676
80390113
80408211
80412434
80442305
80445387
80457692
80474533
80477302
80492716
80494425
80494500
80496435
80519622
80551295
80553193
80557225
80566261
80586292
80589510
80608724
80619465
80621260
80644110
80645377
80653099
80662336
80670205
80675747
80701030
80701459
80709151
80722112
80744777
80746584
80772379
80814328
80815618
80820842
80837337
80841577
80853594
80854453
80857607
80897186
80966171
80978972
80991735
80993816
81012659
81017725
81021430
81034468
81059369
81068898
81072218
81087077
81106870
81114049
81117462
81162525
81188174
81190087
81193669
81200819
81260942
81310763
81341114
81355569
81365699
81368445
81372693
81392459
81437350
81443477
81454291
81464668
81473997
81477182
81480836
81481290
81482844
81506418
81532801
81550727
81555657
81568910
81596923
81627443
81630840
81631891
81637651
81639979
81644358
81673648
81684458
81749860
81766239
81774670
81779682
81802397
81870619
81871776
81898989
81929699
81933872
81939632
81943612
81966920
81967103
81978680
81995116
82018186
82022152
82038987
82041495
82072373
82116022
82160851
82162323
82164149
82206607
82228645
82245456
82255570
82255650
82259830
82264221
82267513
82282881
82285515
82286812
82287813
82292158
82317414
82317757
82322430
82327817
82333915
82340323
82349954
82370860
82378756
82379005
82387319
82404429
82408590
82423818
82431456
82458585
82482463
82488274
82494999
82500694
82527172
82548306
82551814
82562210
82577119
82602167
82628547
82631273
82648814
82658159
82719843
82738751
82761637
82766102
82774248
82789353
82797967
82816825
82822140
82824837
82826852
82854684
82857541
82865843
82877805
82902709
82913140
82932348
82938954
82960559
82972678
82973123
82996561
83036517
83042843
83044142
83054870
83055902
83057128
83060127
83066014
83078129
83094361
83094376
83094645
83130228
83132862
83135125
83137901
83150253
83152942
83163790
83166473
83173894
83186490
83186620
83206165
83224487
83233926
83243461
83257713
83270084
83279480
83285055
83356906
83380028
83409188
83430605
83431931
83445186
83450332
83452762
83457986
83467551
83528014
83531422
83538599
83550927
83561274
83561951
83592571
83602232
83602758
83645502
83649411
83683661
83693431
83696599
83699233
83706038
83743971
83764251
83769608
83772516
83776741
83783052
83809692
83810383
83811659
83838562
83847915
83878394
83892807
83910825
83917653
83921620
83964980
83966606
83971871
83974927
83985565
83994611
83995927
84001733
84001825
84004226
84005439
84005540
84008538
84014586
84033662
84035800
84042542
84071513
84119958
84172716
84174324
84184671
84191061
84214280
84257687
84278537
84290748
84293241
84331138
84340237
84342301
84357578
84362094
84405190
84408161
84413212
84414764
84418558
84442999
84450756
84460816
84462348
84463131
84463399
84466010
84470677
84492001
84517018
84521796
84527596
84541240
84549643
84575527
84590617
84603454
84646759
84646963
84664070
84728540
84784261
84785686
84794777
84811315
84828596
84854380
84855264
84861586
84863747
84889439
84893809
84932760
84954479
84964874
84987102
84993745
84999217
85015966
85027662
85033632
85038298
85056115
85078192
85107086
85115349
85116838
85127553
85130524
85140472
85166660
85174204
85178402
85192774
85198156
85225893
85230305
85267192
85267251
85290546
85290712
85298921
85302881
85310528
85330162
85360960
85374993
85377400
85384499
85390437
85396484
85396667
85412920
85428596
85445648
85463465
85487769
85493575
85494273
85503014
85519008
85535349
85537183
85545188
85553441
85559073
85566585
85571914
85576799
85595466
85599187
85613825
85615853
85628051
85636016
85636371
85658456
85673564
85691024
85694070
85743294
85770006
85794059
85808790
85823655
85825017
85838982
85848028
85854634
85855927
85857592
85861738
85865116
85876067
85881450
85883504
85884974
85902550
85906038
85966968
85972985
85977871
85987310
85988112
85990349
86022278
86033000
86083504
86099844
86120725
86128425
86147376
86157901
86161774
86170175
86183574
86230238
86239227
86241843
86254384
86272538
86276441
86305812
86311297
86318541
86356700
86360650
86368886
86373053
86388467
86399098
86411640
86426436
86437580
86440855
86444336
86449167
86459988
86479374
86485587
86500446
86502251
86506326
86537164
86538681
86540412
86546983
86554713
86608767
86643283
86645815
86655393
86664133
86687139
86688946
86695508
86737202
86740450
86748794
86759799
86760032
86778593
86787473
86817609
86828311
86835644
86844770
86850968
86865227
86883244
86916465
86936546
86939405
86968275
86997672
87030983
87036445
87042725
87050089
87057739
87060459
87080879
87166430
87168890
87175695
87192667
87192685
87206598
87207714
87228895
87249326
87250169
87255057
87255894
87261406
87286847
87293017
87298782
87330175
87348391
87352959
87356931
87374232
87383379
87386318
87417203
87418798
87451217
87452892
87458404
87471316
87475345
87477152
87479328
87503475
87512291
87552689
87553039
87553654
87575077
87582248
87586590
87619911
87633586
87642932
87652575
87657678
87669921
87717308
87756498
87780864
87792468
87808891
87815546
87818180
87854865
87868769
87879853
87890332
87894632
87895230
87897510
87901735
87914472
87923283
87940145
87946641
87958969
87960836
87973447
87978883
87980000
88012537
88012646
88042910
88069544
88084690
88090679
88100857
88108036
88128043
88156125
88165206
88167805
88170608
88176368
88179397
88187522
88190661
88194811
88200691
88216849
88233549
88252700
88254240
88257797
88273160
88284172
88295664
88301530
88319968
88337388
88338396
88338897
88350426
88352591
88357631
88360872
88400102
88405614
88435397
88437811
88453086
88453346
88455035
88469283
88469454
88473618
88521357
88524890
88548163
88550939
88552259
88572629
88577409
88581622
88588936
88593527
88597918
88599832
88623879
88629309
88630588
88631552
88643857
88652926
88668578
88676016
88676284
88681796
88689434
88729758
88743578
88823857
88834255
88845306
88846790
88849531
88885085
88896505
88941565
88945405
88961067
88961218
88968055
88971460
88984389
88985264
88995410
88995887
88998353
89013409
89014311
89019980
89023945
89030093
89058540
89061397
89070287
89077726
89087339
89094094
89108633
89118848
89159924
89162621
89173185
89184995
89187112
89191232
89194031
89199911
89244844
89262079
89262591
89272540
89277806
89292095
89319170
89329723
89334340
89337959
89340176
89340362
89360782
89384060
89386324
89498768
89506264
89509384
89522120
89524081
89545989
89547013
89553451
89600982
89604839
89610534
89613349
89626528
89644345
89646874
89653572
89666320
89687584
89690555
89706427
89737837
89738818
89742196
89749071
89755088
89783683
89818742
89822025
89845315
89865172
89897732
89934284
89956948
89965614
89987068
89994484
90022078
90034749
90037597
90059797
90067519
90079824
90096663
90109800
90120719
90126853
90140627
90145799
90169091
90246926
90254369
90256846
90283789
90318959
90321656
90327228
90331501
90337249
90362604
90368186
90379606
90380032
90382330
90401250
90406762
90408660
90418131
90431253
90434094
90434369
90436972
90446812
90447638
90504538
90520455
90521419
90521769
90522460
90525967
90528075
90535749
90540445
90547261
90558232
90574014
90590172
90610591
90634737
90636427
90638111
90638438
90660251
90660476
90671930
90717178
90749744
90760585
90777251
90778425
90794427
90797007
90799939
90833750
90867437
90871292
90886954
90889845
90894574
90908186
90930020
90948718
90948810
90963627
90964189
90966886
90970725
90979070
90991375
90993639
90994480
90996887
91006577
91008652
91016016
91023560
91041728
91106751
91129975
91131182
91133757
91193360
91195594
91203548
91247357
91262491
91294819
91307788
91318360
91331524
91335677
91343640
91359371
91373974
91385204
91393198
91414705
91428277
91451824
91453288
91454238
91457198
91459182
91463487
91464694
91481670
91507524
91521663
91527632
91531754
91534969
91548726
91563860
91582993
91592553
91607284
91635410
91650088
91653620
91677178
91708215
91731435
91768155
91790059
91799558
91803927
91804007
91811932
91834117
91836255
91877080
91884967
91898514
91906326
91968690
91988693
92023468
92030464
92035131
92048455
92049748
92052677
92053453
92088491
92089079
92091611
92103297
92112802
92114534
92114901
92127620
92143439
92145599
92147255
92147863
92188245
92213161
92214292
92224372
92244882
92246272
92260214
92267286
92269968
92300857
92314459
92320954
92327270
92336398
92342461
92361497
92368619
92375447
92386751
92400886
92404591
92408064
92411133
92418673
92422893
92440653
92454732
92458745
92459934
92464284
92491615
92509065
92518669
92533388
92575677
92581907
92615937
92617835
92647135
92660723
92668529
92684081
92694028
92696725
92701312
92707352
92712203
92807974
92843929
92855189
92859994
92888392
92888575
92889018
92893353
92902479
92916705
92922034
92922143
92956479
92960558
92962168
93002689
93016428
93019074
93026874
93045298
93058448
93068469
93087711
93090562
93094693
93113653
93147928
93154123
93164612
93166526
93188020
93203104
93220315
93223752
93234408
93245492
93246944
93258731
93258973
93266766
93293604
93297823
93321518
93322226
93344262
93367948
93378276
93381010
93388023
93402984
93411570
93411982
93428583
93430348
93461681
93463899
93489013
93500600
93532485
93533884
93575310
93581174
93582091
93589737
93605795
93618508
93661396
93666217
93671611
93677114
93715946
93726287
93727901
93765741
93780253
93794761
93799996
93802887
93810148
93829575
93830504
93865542
93870880
93894595
93898062
93908508
93928162
93937053
93944839
93950564
93961651
93961731
93970909
93976193
94007497
94007810
94008704
94017075
94041720
94042931
94051066
94069777
94073815
94095109
94097354
94103528
94107644
94121862
94130157
94139037
94147535
94156457
94157232
94157728
94169268
94174700
94174900
94180687
94194098
94224175
94225150
94230583
94235680
94248984
94250300
94252015
94320017
94340795
94353911
94363350
94369763
94383789
94388719
94390121
94393736
94416742
94424100
94452471
94454609
94461867
94475109
94489925
94510077
94534831
94542165
94542194
94573385
94588086
94610831
94619647
94642055
94661184
94662668
94663345
94726482
94736430
94746500
94747088
94756868
94762334
94764715
94765241
94767488
94771548
94786455
94791929
94794244
94810482
94817144
94818992
94828587
94833493
94841723
94852121
94857457
94882366
94934025
94936518
94952945
94959175
94959305
94963674
94983090
95004201
95019430
95023994
95028419
95048807
95062393
95085753
95114620
95116548
95126865
95146202
95149399
95157205
95161716
95163543
95170962
95173969
95176660
95180061
95184041
95201651
95241625
95247775
95258178
95269911
95270952
95277420
95279016
95287737
95294746
95302801
95323616
95324307
95328030
95374678
95388352
95394668
95396227
95415533
95426487
95433948
95452452
95459771
95466103
95481530
95505808
95541734
95587807
95594222
95596623
95623458
95629946
95646810
95660404
95665943
95686116
95721659
95725883
95728286
95739369
95766282
95783573
95803016
95821613
95830460
95835816
95849903
95858756
95865418
95867911
95868876
95871285
95880050
95883377
95922156
95939207
95940340
95960823
96002334
96011180
96024817
96032474
96054237
96059072
96107875
96129739
96146473
96163649
96168090
96171544
96174155
96193114
96196192
96198965
96200890
96207088
96236077
96253302
96269903
96275415
96280357
96300592
96306581
96372260
96402618
96424837
96454046
96460321
96466874
96516353
96526723
96533131
96543159
96551321
96571564
96574486
96602100
96602918
96615293
96616187
96631230
96649140
96651311
96655879
96656410
96682589
96694982
96703948
96726206
96727489
96736081
96754599
96806552
96815368
96816242
96817556
96818065
96842135
96845245
96849911
96863854
96865067
96872824
96893067
96899373
96903643
96909690
96923327
96935871
96938906
96945215
96998588
97007522
97009789
97021449
97025358
97029581
97030605
97073338
97087103
97096242
97105948
97116661
97126561
97133467
97154899
97159259
97204047
97215467
97225045
97250775
97256449
97300489
97303262
97307245
97311498
97324028
97327934
97357489
97370639
97373517
97391354
97410165
97427930
97432182
97445075
97454746
97472790
97480927
97515297
97523172
97532569
97539194
97540051
97571335
97589169
97596928
97603422
97642955
97679498
97714602
97726870
97733525
97743811
97746920
97750824
97768832
97776166
97784511
97792713
97794156
97794431
97808989
97811048
97816122
97817804
97825517
97834038
97857947
97872383
97936134
97945825
97951337
97990471
97990977
97999535
98018578
98020400
98024117
98033887
98036025
98046531
98059572
98088035
98098064
98108813
98118647
98131643
98135010
98137175
98155430
98158282
98183277
98191385
98194081
98224704
98230223
98232468
98246004
98253930
98285541
98308175
98309398
98315463
98327843
98328505
98331696
98335147
98356018
98433156
98458868
98461526
98461656
98476841
98480906
98516292
98526765
98527022
98527211
98534392
98566819
98571320
98575590
98589227
98595833
98599287
98631186
98649369
98667537
98671935
98674808
98677447
98680135
98695889
98706765
98708593
98757631
98764902
98766194
98771132
98844315
98856986
98857660
98876009
98909477
98932555
98933779
98936170
98944675
98950187
98966579
98973545
99002830
99013785
99043021
99061264
99065372
99074080
99107794
99108243
99112585
99117398
99136132
99147350
99177794
99197964
99237154
99242666
99250056
99259637
99286733
99291872
99294814
99314313
99315969
99318711
99351313
99409263
99410745
99426757
99438018
99449743
99461532
99473290
99478341
99493993
99512028
99522372
99522602
99540787
99553323
99601160
99617477
99629507
99641202
99642910
99647935
99648542
99649573
99699838
99702102
99762882
99773463
99777609
99789621
99801231
99804259
99871712
99871880
99880741
99920108
99926676
99928027
99948871
99972091
99977346
99990594
99992317
99999937
