45772
227215
404787
445525
753391
779083
796050
822783
916665
1001954
1056139
1083987
1085908
1345997
1387776
1389697
1430435
1448604
1602801
1721334
1723255
1936359
1939644
1941565
1951405
1953326
2230543
2273202
2487347
2684716
2727375
2865485
2878610
2898700
2904067
2922310
3000105
3173835
3357038
3486745
3510355
3527483
3571183
3673629
3768362
3794934
3841992
3843913
3849280
3884651
3891939
3904741
4080392
4123051
4180917
4282322
4350160
4351201
4573060
4573221
4707093
4734706
4747831
4790490
4793452
4808498
4828823
4834190
4854280
5165827
5167748
5484178
5501306
5659990
5675036
5718736
5761395
5917674
5949687
6008594
6044771
6131130
6348560
6420988
6640339
6662908
6742785
6832312
6834233
6973897
7213896
7288406
7307455
7349234
7609323
7669990
7761438
7780648
7814743
7956886
8001627
8183760
8218016
8236904
8276439
8527803
8554536
8569582
8903140
8918186
9117285
9142816
9455008
9489264
9495746
9511833
9668112
9685079
9754471
9785604
9865481
9866522
9989909
10048655
10086108
10245672
10278887
10417349
10418390
10422951
10612284
10678479
10751948
10792686
10794607
10888460
10889501
10926558
10987621
10990906
11030045
11205931
11241067
11259236
11261157
11359600
11574625
11854804
11951003
12014955
12091357
12168272
12230141
12481505
12532889
12593791
12838834
12940239
13010159
13012080
13051777
13226577
13520996
13528284
13654868
13826706
13903621
13905542
13922670
13937716
14099436
14153782
14195400
14334874
14376653
14388414
14469171
14485419
14704609
14768957
14916672
14918754
14967015
14976459
15019118
15253676
15298256
15299297
15355961
15425353
15588275
15673593
15903664
15910952
15988982
16024118
16455532
16456573
16516360
16829828
16847997
16848877
16895862
17184840
17227499
17339037
17340078
17474698
17772885
17793210
17799457
17810177
17814503
17821146
18190881
18197363
18233540
18302419
18506270
18524439
18568139
18754510
19033648
19350078
19450603
19467731
19626254
19681715
19701805
19742543
19835954
19856325
20004553
20190924
20233583
20801699
20962891
21005550
21181201
21438005
21491149
21514759
21549895
21637295
21686084
21970853
22146504
22163632
22187242
22200044
22394744
22478141
22504713
23036491
23053296
23131575
23361646
23391180
23651504
23666315
23684484
23754991
23798530
23913514
23957214
24014919
24033968
24036050
24057739
24102480
24289892
24321905
24323826
24348477
24367687
24521884
24581994
24608243
24840719
24959252
25038088
25086877
25115531
25210454
25249110
25371646
25554981
25578107
25828752
25921593
25923514
25924555
25964252
25965293
26059703
26077872
26489225
26547971
26573663
26594558
26747232
26874329
26909626
26926593
26941287
26976423
27123610
27174672
27218533
27262233
27359048
27631778
27718137
27736306
27766398
27771442
27905549
27983505
28067943
28068823
28163746
28323545
28438558
28533291
28579073
28703208
28912631
28947767
29018359
29247392
29284610
29304935
29340071
29460496
29519403
29599119
29616247
29642819
29658906
29855923
29873051
29976377
30422837
30571870
30626849
30805462
30846200
30863328
31095320
31139020
31153025
31350042
31410870
31513316
31563498
31687046
31687926
31688967
31790533
32020604
32055740
32064304
32159066
32250675
32357124
32390339
32392260
32440521
32491744
32651308
32753754
32888902
32904109
33028566
33103399
33169580
33179801
33317544
33418949
33420870
33515764
33603003
33651102
33816107
33867330
33934640
34030604
34142142
34143183
34148785
34205214
34206255
34261716
34277803
34278683
34304375
34641379
34753958
34829671
34871450
35113047
35188921
35424359
35611243
35885014
36133254
36168390
36323951
36429359
36464495
36548933
36626215
36962178
37229467
37235069
37293815
37414269
37415310
37604804
37705168
37708130
37741345
37748868
37878898
37952132
37969260
37978939
38156672
38551381
38552422
38557540
38650381
38676073
38827073
38867811
38869732
38913432
38924152
38956091
38990347
39063787
39066749
39170236
39281246
39431440
39460417
39461458
39462338
39516919
39736109
39795016
40122092
40127533
40144661
40389543
40431322
40724142
40801057
40878852
40911554
41031128
41167669
41322027
41329550
41367971
41399822
41584037
41601165
41701529
41728262
41764278
41992428
42021082
42036128
42332394
42482588
42484670
42528370
42614729
42646742
42861928
42937641
42999510
43198771
43239509
43259599
43287447
43411714
43487588
43573067
43743351
43834036
43842277
43902064
43926715
44204812
44219858
44282607
44688564
44751313
44984830
45029571
45147063
45148984
45164030
45166112
45181158
45336557
45381137
45513836
45698931
45931084
45946130
45988789
46262560
46364126
46599564
46642223
46959694
47173839
47190967
47194091
47208975
47228347
47250593
47265639
47370167
47511723
47521167
47565102
47598317
47715061
47794058
47859286
47997909
48016958
48042650
48092319
48192844
48491031
48521841
48530405
48545612
48547533
48700132
48723184
48738230
48781050
48840676
48942242
49036652
49054821
49113406
49145506
49173193
49295700
49314749
49433282
49474020
49648307
49665435
49712417
49767881
49810540
49869447
50011883
50026929
50038690
50040611
50101439
50259082
50317828
50376574
50576553
50636340
50711173
50735824
50773922
50973183
51006398
51040170
51046652
51047693
51201333
51229987
51283131
51493112
51552019
51574030
51594678
51833078
51864211
51923675
51970660
52146546
52167677
52226423
52270123
52478183
52501235
52644419
52779332
52783893
52793337
52920434
53092800
53112890
53211333
53229341
53428440
53430845
53443486
53510796
53545932
53703414
53746234
53749196
53848680
53880854
53881895
54156546
54171753
54235543
54328032
54342843
54385737
54445524
54683924
54724662
54786370
54983387
55018523
55065743
55301181
55352081
55368168
55630178
55757275
55865851
55944687
56237830
56295373
56451975
56518244
56536413
56768405
56889900
57070112
57165035
57206491
57207694
57208896
57241950
57251555
57420798
57584952
57832151
58034535
58189245
58211814
58368093
58443806
58463016
58505675
58796574
58935007
58975745
59019445
59035532
59037453
59227988
59251437
59326431
59369090
59682000
59862212
59982827
60059581
60231947
60275647
60376172
60605202
60607284
60623371
60640338
60655310
60852166
60902348
60928040
61029445
61065622
61099365
61116493
61157231
61312821
61805063
61870291
61946165
62089642
62119411
62187923
62397508
62422159
62593484
62652391
62669519
62732268
62858163
63044695
63048698
63053024
63289738
63290779
63557907
63633781
63718219
63720140
63735186
63783447
63950211
63995275
64008077
64013444
64051777
64088834
64163638
64226387
64432159
64560986
64621653
64892623
64957455
64968101
65171600
65230507
65393620
65427363
65503237
65505158
65807026
65866652
65899867
65908431
66115772
66176761
66259997
66430442
66432363
66598834
66743675
66746637
66769206
66890862
67120933
67321074
67335958
67374614
67398150
67437363
67454491
67470578
67672801
67673842
67715460
67731708
67792375
67944651
67963700
68004438
68007400
68325355
68364568
68397783
68717498
68949651
69035130
69248073
69270568
69301378
69458860
69680880
69741708
69799061
69833156
69834197
69837482
69891902
69893823
70015479
70045494
70233789
70238350
70247955
70248996
70521726
70524688
71347365
71408193
71451893
71474462
71507677
71535290
71818666
71842276
71844197
72000799
72105327
72230589
72249039
72350444
72353406
72411111
72414234
72608128
72641343
72666874
72903353
73044293
73218903
73262603
73416272
73588638
73847525
74028968
74162195
74200293
74242072
74531930
74740635
74998832
75043060
75048662
75125416
75244990
75446333
75518761
75693532
75779891
75820629
75883378
76059029
76075996
76113449
76243743
76331759
76374418
76620737
76622658
76663396
76785932
76937167
76987114
77001280
77020329
77083313
77349884
77436243
77608609
77900549
78178646
78339838
78356966
78400666
78474986
78492114
78613609
78628655
78864093
78892747
78909875
79241351
79286092
79412837
79441653
79735514
79804100
79806021
79869093
80193207
80399668
80400709
80441447
80457534
80502114
80675844
80677765
80718503
80908877
80935610
81009402
81011323
81166033
81342960
81645708
81721582
81738387
81740308
81893948
82039933
82234794
82235029
82328911
82384137
82385178
82506644
82610131
82841243
83161999
83177045
83239794
83409037
83510603
83513565
83535254
83546780
83569349
83637700
83687530
83768448
83887861
83924038
83966697
84060550
84122258
84135060
84165078
84177719
84180124
84183086
84369457
84430124
84455816
84610526
84694451
84727666
84764884
84807543
84850202
84990717
85092122
85103003
85191853
85339321
85383021
85458895
85501554
85670958
85932968
85972107
86010763
86029812
86201298
86260044
86266526
86364411
86380498
86619294
86695007
86914358
87015924
87058583
87059624
87107372
87128503
87246875
87332354
87523051
87555943
87578512
87579553
87580433
87589158
87796822
87839642
87876699
88147508
88173200
88211298
88214818
88435210
88464979
88467384
88476828
88494997
88522845
88664240
88682409
88741155
89082001
89179241
89334802
89397551
89488148
89490392
89706458
89746155
89754719
89773768
89824991
89997357
90044577
90098762
90322586
90551865
90572996
90691368
90906554
90965300
91000436
91023005
91024926
91286056
91482032
91515247
91636581
91660352
91810311
91921321
91989349
92111856
92128823
92154515
92169561
92228307
92230228
92273928
92304181
92519206
92582996
92780175
92836677
92871813
92877415
92916554
93112853
93218261
93252517
93268443
93388545
93390950
93446411
93466501
93664721
93684811
93911920
94154910
94155951
94254042
94255963
94409793
94411714
94453332
94729508
94747677
94772167
94790336
94875302
94961661
95172712
95238717
95267606
95282578
95299545
95352924
95353965
95614054
95643823
95733628
95804428
95903912
95905833
95946571
96008279
96179765
96194811
96224668
96226750
96239391
96415042
96455780
96515567
96517488
96558226
97120975
97203814
97356413
97420203
97478949
97596441
97753761
97852204
98114214
98347408
98365416
98380623
98524687
98526608
98653353
98680966
98683210
98697053
98756679
98792856
98797417
98800379
98991237
99317272
99470941
99639304
99643307
99681963
99699091
99761840
99763761
99943973
99972862
99980150